MRMR Results
# Calculated with MATLAB's fscmrmr

Feature: Predictive power score

CHF : 0.033913
medCat__smoking_cessation_agents : 0.031631
Male : 0.001894
DEMENTIA : 0.001707
HASTRANSPLANT : 0.001531
HEMIPLEGIA_1.0 : 0.001478
countPriorER : 0.001411
DIABETES_2.0 : 0.001406
countPriorAdmits : 0.001405
COPD : 0.001378
LIVERDISEASE_3.0 : 0.001349
HIV_6 : 0.001286
HIV_9 : 0.001274
PUD : 0.001077
GFRLast : 0.001045
medCat__anticonvulsants : 0.001029
MI : 0.000972
medCat__CNS_stimulants : 0.000965
LIVERDISEASE_1.0 : 0.000964
STROKE : 0.000959
HASHYPERTENSION : 0.000879
KIDNEYDISEASE_3.0 : 0.000861
KIDNEYDISEASE_1.0 : 0.000764
PVD : 0.000755
HEMIPLEGIA_0.0 : 0.000737
DIABETES_0.0 : 0.00073
Hispanic : 0.00072
anyNSAID : 0.000707
glucoseMedian : 0.000652
